0 0 0.19388 0.20149 0 0 0.19942 0 0.19786 0 0 1.38659 0.19717 1.18685 0 0 0 0.59836 0.40015 1.38864 0 0.19705 0 0.20165 0.19533 0 0
0.20025 0.19737 0 0 0.19844 0 0 0 0 0 0 0.40474 0 0 0.19697 0 0 0.39822 0 0 0 0 0 0 0 0 0
0 0 0 0 0 0 0 0.58842 0.5933 0 0.40071 0.39539 0 0 0.399 0 0 0 0 0.19603 0 0 0 0 0 0 0.39041
0 0 0 0 0.79936 0 0 0 0 0 0 0 0 0 0.19611 0 0 0 0 0 0 0 0 0 0 0 1.38545
0.79041 0 0.19643 0.78838 0.19663 0.19408 0 0 0 0 0 0.9928 0.19862 1.18498 0.19792 0.19509 0 0.9837 1.77029 0 0 0 0 0.59681 0.19838 0 1.97342
0.20149 0 0 0 0.59041 0.20039 0 0 0.3993 0 0 0 0 0 0 0 0 0.19725 0 0.19892 0 0 0 0 0 0 0
0 0 0 0 0.19904 0 0 0 0.59306 0 0 0.19454 0 0 0 0 0 0 0 0 0 0 0 0 0 0 0.98
0.79948 0 0 0 0.19715 0 0 0 0 0 0 0 0 0 1.19268 0 0 0 0 0 0.19727 0 0 0 0 0 0.59372
0.1976 0.19776 0.39117 0.40037 0.19513 0 0 0 0 0 0 0 0.19739 1.77432 0.39462 0.19402 0 0 0.9949 0.39468 0 0 0 0 0 0.39575 0
0 0 0 0 0.19834 0 0 0 0 0 0 0 0 0 0 0 0 0 0 0 0 0 0 0 0 0 0
0 0 0 0 0.39762 0 0 0 0.19673 0 0 0.19603 0 0 0 0 0 0 0 0 0 0 0 0 0 0 0.60129
0.79372 0 0 0 0.78609 0 0 0 0.59705 0 0.20197 0.39782 0 0 0.39577 0 0 0 0.39715 0 0 0 0 0 0.19555 0 0.98478
0.19984 0 0 0 0.39874 0 0 0 0 0 0 0 0 0 0.19974 0.59462 0 0 0 0 0.19804 0 0 0 0 0 0.39384
0.39494 0 0.39444 0.59942 0.79023 0 1.37595 0 0.19589 0 0.19639 0.19908 0 0 0 0 0 0 0.58828 0.19549 0 0 0 0 0.39954 0 0.39396
0 0 0.40139 0 0 0.40023 0 0.19749 0 0 0.19918 0.19806 0.20217 0.59505 0 0.78621 0 0.58978 0.19884 0.5934 0.39223 0.593 0.20179 0 0 0 0
0.39617 0 0 0 0.589 0 0 0.19934 0.39233 0 0 0.19645 0 0 0 0.19647 0 0.38966 0.19729 0.1977 0.20023 0 0 0 0.3937 0 0.19344
0 0 0 0 0 0 0 0 0 0 0 0 0 0 0 0 0 0 0 0 0 0 0 0 0 0 0
0.7884 0 0 0.19651 1.18316 0.19729 0.19697 0 0.39567 0 0 0 0.20013 0 0.40304 0 0 0.20087 0.39266 0 0.19673 0 0 0 0.19944 0 0.58709
0.39699 0 0.59691 0 0.59069 0 0 0.59984 0.59826 0 0.19707 0.19743 0 0.19571 0.39695 0.39657 0 0 1.18197 0.78912 0 0 0.20157 0 0.39511 0 2.35015
0.39914 0 0 0 0.98814 0 0 0 0.98205 0 0 0 0 0 0.78988 0 0 0.59561 0 0.40011 0.19886 0 0 0 0 0 0.98577
0 0 0 0 0 0 0 0 0 0 0 0 0.19701 0.39932 0 0 0 0.39468 0.58892 0 0 0 0 0 0 0 0
0.19978 0 0 0 0.78717 0 0 0 0.39717 0 0 0 0 0 0 0 0 0 0 0 0 0 0 0 0 0 0
0.39836 0 0 0 0.20115 0 0 0 0.20027 0 0 0 0 0 0 0 0 0 0 0 0 0 0 0 0 0 0.20139
0 0 0 0 0 0 0 0 0 0 0 0 0 0 0.19772 0.19952 0 0 0 0.19836 0 0 0 0 0 0 0.20113
0 0 0.19645 0 0 0 0 0 0 0 0 0 0.2 0 0 0 0 0 0 0 0 0 0 0 0 0 1.57727
0 0 0 0 0.39482 0 0 0 0 0 0 0 0 0 0 0 0 0 0 0 0 0 0 0 0 0 0
0.39551 1.18571 0.5892 0.19631 0.78729 0.78725 0.19595 1.38027 0 0.19593 0.19611 0 0.58836 0.39316 0.59103 0.97336 0 0.78768 2.35719 0.7879 0.19691 0.58852 0.59109 0 0 0 0
